11
1728
21
3000
31
4322
41
5379
51
6567
61
7420
71
8272
81
9152
91
10184
101
11372
111
12736
121
13992
131
15305
141
16511
151
17655
161
18849
171
19913
181
21036
191
22108
201
23300
211
24567
221
25862
231
27056
241
28152
251
29304
261
30188
271
30985
281
31837
291
32768
301
33745
311
34813
321
35888
331
37098
341
38098
351
39047
361
40211
371
41104
381
42192
391
43273
401
44401
411
45238
421
46003
431
46727
441
47453
451
48270
461
49203
471
50215
481
51354
491
52282
501
53167
511
53923
521
54833
531
56040
541
57196
551
58460
561
59870
571
61036
581
62161
591
63206
601
64227
611
65508
621
66559
631
67693
641
68737
651
69819
661
70650
671
71501
681
72371
691
73295
701
74154
711
74954
721
75964
731
76735
741
77439
751
78294
761
79097
771
79819
781
80860
791
81796
801
82816
811
83641
821
84795
831
85797
841
87002
851
88161
861
89413
871
93410
881
94436
891
95553
901
96720
911
97937
921
98948
931
99972
941
100992
951
102268
961
103299
971
104474
981
105697
991
106768
1001
107416
1011
108364
1021
109219
1031
109913
1041
110860
1051
111816
1061
112735
1071
113827
1081
114819
1091
115819
1101
116905
1111
118132
1121
119236
1131
120185
1141
120953
1151
121906
1161
122776
1171
123760
1181
124659
1191
125634
1201
126347
1211
127123
1221
127785
1231
128858
1241
129835
1251
130832
1261
131626
1271
132711
1281
133735
1291
134719
1301
135455
1311
137015
1321
138081
1331
139104
1341
140130
1351
141307
1361
142311
1371
143421
1381
144629
1391
145676
1401
146736
1411
147781
1421
148637
1431
149504
1441
150446
1451
151211
1461
152168
1471
153043
1481
154057
1491
154891
1501
155810
1511
156795
1521
157669
1531
158734
1541
159888
1551
160878
1561
162033
1571
163007
1581
164122
1591
165107
1601
166030
1611
166972
1621
168050
1631
174219
1641
175403
1651
176472
1661
177713
1671
178696
1681
179823
1691
181056
1701
182327
1711
183472
1721
184641
1731
185920
1741
187049
1751
188112
1761
189216
1771
190206
1781
191301
1791
192649
1801
193963
1811
195195
1821
196361
1831
197507
1841
198586
1851
199585
1861
200655
1871
201798
1881
202686
1891
203540
1901
198455
1911
199584
1921
200660
1931
201541
1941
202599
1951
203673
1961
204816
1971
205784
1981
206636
1991
207622
2001
208448
2011
209339
2021
210439
2031
211631
2041
212679
2051
213742
2061
214979
2071
216302
2081
217376
2091
218603
2101
219694
2111
220791
2121
221867
2131
222852
2141
237532
2151
238785
2161
239906
2171
241103
2181
242091
2191
243204
2201
244321
2211
245520
2221
246705
2231
247700
2241
248866
2251
249829
2261
250752
2271
251719
2281
252918
2291
254017
2301
254978
2311
256020
2321
257249
2331
258459
2341
259571
2351
260348
2361
258570
2371
259210
2381
259769
2391
260568
2401
261540
2411
262553
2421
263646
2431
264494
2441
265514
2451
266818
2461
268156
2471
269220
2481
270373
2491
271404
2501
272679
2511
273805
2521
274765
2531
275620
2541
267386
2551
268529
2561
269751
2571
270843
2581
271849
2591
272961
2601
274305
2611
275464
2621
276619
2631
277458
2641
278451
2651
279319
2661
280121
2671
280814
2681
281650
2691
282961
2701
284019
2711
284969
2721
294558
2731
295689
2741
297064
2751
298207
2761
299359
2771
300596
2781
301797
2791
302999
2801
304058
2811
305222
2821
306481
2831
307688
2841
309004
2851
310360
2861
311668
2871
313048
2881
314231
2891
319313
2901
320649
2911
321778
2921
323021
2931
324215
2941
325438
2951
326674
2961
327948
2971
329267
2981
330516
2991
331661
3001
332731
3011
333814
3021
334747
3031
335824
3041
336963
3051
322375
3061
323380
3071
324363
3081
325634
3091
326808
3101
327968
3111
329139
3121
330192
3131
330867
3141
331670
3151
332577
3161
333425
3171
334187
3181
335060
3191
331158
3201
332454
3211
333702
3221
335008
3231
336187
3241
337321
3251
338566
3261
339642
3271
340843
3281
342080
3291
343092
3301
344100
3311
345263
3321
346348
3331
347470
3341
370362
3351
371356
3361
372233
3371
373114
3381
373873
3391
374787
3401
375722
3411
376747
3421
377925
3431
379275
3441
380601
3451
381774
3461
382850
3471
387823
3481
389049
3491
390219
3501
391579
3511
392592
3521
393679
3531
394793
3541
395896
3551
397138
3561
398442
3571
399526
3581
400623
3591
401902
3601
409852
3611
410976
3621
412201
3631
413643
3641
414944
3651
416106
3661
417213
3671
418379
3681
419359
3691
420313
3701
421432
3711
422589
3721
423836
3731
408146
3741
409071
3751
409984
3761
410883
3771
411912
3781
412988
3791
413921
3801
414717
3811
415576
3821
416598
3831
417740
3841
418839
3851
411019
3861
411789
3871
412725
3881
413583
3891
414360
3901
415330
3911
416312
3921
417435
3931
418680
3941
419971
3951
421208
3961
422371
3971
420001
3981
420982
3991
422177
4001
423496
4011
424781
4021
425953
4031
427250
4041
428549
4051
430070
4061
431305
4071
437552
4081
438255
4091
439023
4101
439784
4111
440523
4121
441403
4131
442309
4141
443247
4151
444292
4161
447882
4171
448789
4181
449669
4191
450391
4201
451023
4211
451929
4221
452862
4231
453840
4241
455616
4251
456632
4261
457863
4271
458975
4281
460006
4291
461011
4301
462165
4311
463442
4321
464755
4331
474687
4341
475706
4351
476760
4361
477767
4371
478960
4381
480189
4391
481519
4401
482597
4411
489431
4421
490398
4431
491359
4441
492272
4451
493381
4461
494249
4471
495220
4481
496194
4491
497240
4501
495184
4511
496054
4521
496927
4531
497784
4541
498523
4551
499393
4561
500396
4571
501241
4581
509024
4591
510348
4601
511673
4611
512697
4621
513779
4631
515030
4641
516302
4651
517457
4661
505620
4671
506721
4681
507733
4691
508663
4701
509748
4711
510540
4721
511461
4731
509394
4741
510282
4751
511201
4761
512280
4771
513611
4781
514799
4791
515953
4801
517163
4811
526486
4821
527463
4831
528588
4841
529776
4851
530934
4861
531990
4871
533138
4881
534394
4891
530384
4901
531202
4911
532240
4921
533344
4931
534350
4941
535159
4951
535926
4961
512253
4971
513504
4981
514281
4991
515303
5001
516276
5011
516984
5021
517845
5031
518973
5041
559581
5051
560691
5061
561889
5071
562821
5081
563837
5091
564845
5101
566001
5111
532195
5121
533170
5131
533887
5141
534790
5151
535855
5161
536967
5171
537997
5181
549322
5191
550364
5201
551349
5211
552477
5221
553679
5231
554828
5241
556116
5251
575509
5261
576718
5271
577686
5281
578562
5291
579576
5301
580734
5311
581886
5321
581035
5331
582095
5341
583043
5351
583829
5361
584681
5371
585572
5381
586523
5391
588329
5401
589558
5411
590643
5421
591781
5431
592633
5441
593655
5451
594513
5461
591806
5471
593259
5481
594418
5491
595558
5501
596924
5511
598007
5521
599220
5531
578227
5541
578930
5551
579738
5561
580671
5571
581401
5581
582203
5591
582992
5601
602854
5611
603769
5621
604664
5631
605418
5641
606319
5651
607340
5661
636374
5671
637507
5681
638807
5691
640157
5701
641335
5711
642469
5721
643664
5731
627568
5741
628605
5751
629689
5761
630780
5771
631783
5781
632629
5791
621883
5801
622955
5811
624143
5821
625375
5831
626496
5841
627652
5851
628776
5861
638355
5871
639503
5881
640690
5891
641729
5901
642810
5911
643797
5921
640589
5931
641840
5941
643113
5951
644421
5961
645647
5971
646946
5981
654252
5991
655643
6001
656659
