Temperature, Emean, Cv, Mabsmean, X
2.00000000e+00,-1.74594666e+00,7.38544024e-01,9.11267664e-01,5.44564922e-01
2.00100000e+00,-1.74443355e+00,7.65416386e-01,9.09320638e-01,1.40998324e+00
2.00200000e+00,-1.74360522e+00,7.61695749e-01,9.09295224e-01,1.23489379e+00
2.00300000e+00,-1.74323177e+00,7.43951407e-01,9.09924949e-01,4.96736092e-01
2.00400000e+00,-1.74202033e+00,7.80727204e-01,9.07686599e-01,1.78598299e+00
2.00500000e+00,-1.74194662e+00,7.36271846e-01,9.09727117e-01,4.24527035e-01
2.00600000e+00,-1.74108885e+00,7.52887384e-01,9.08930356e-01,4.92707854e-01
2.00700000e+00,-1.74053403e+00,7.57696770e-01,9.08654997e-01,6.03571232e-01
2.00800000e+00,-1.73929661e+00,7.52090901e-01,9.08181390e-01,5.14246240e-01
2.00900000e+00,-1.73942455e+00,7.56207264e-01,9.08053318e-01,7.11720067e-01
2.01000000e+00,-1.73784286e+00,7.80301652e-01,9.06692145e-01,1.12814998e+00
2.01100000e+00,-1.73705569e+00,7.64855832e-01,9.07079933e-01,6.26741460e-01
2.01200000e+00,-1.73583686e+00,8.06810485e-01,9.03685573e-01,2.54675449e+00
2.01300000e+00,-1.73516560e+00,8.00514817e-01,9.04530573e-01,1.75632803e+00
2.01400000e+00,-1.73515108e+00,7.69900098e-01,9.06276779e-01,6.34590266e-01
2.01500000e+00,-1.73405449e+00,7.81934841e-01,9.05207263e-01,8.69309834e-01
2.01600000e+00,-1.73392453e+00,7.74614248e-01,9.05833138e-01,5.41460986e-01
2.01700000e+00,-1.73249606e+00,7.71070491e-01,9.05049305e-01,5.42684560e-01
2.01800000e+00,-1.73183031e+00,8.23466880e-01,9.01838395e-01,2.59102070e+00
2.01900000e+00,-1.73147186e+00,7.72456779e-01,9.04792140e-01,5.27312882e-01
2.02000000e+00,-1.73036238e+00,7.89708100e-01,9.04102086e-01,6.69314591e-01
2.02100000e+00,-1.72969561e+00,7.77312537e-01,9.03534297e-01,6.21981977e-01
2.02200000e+00,-1.72799153e+00,8.34726513e-01,9.00246271e-01,2.39601908e+00
2.02300000e+00,-1.72805888e+00,8.06731670e-01,9.01725324e-01,1.57354245e+00
2.02400000e+00,-1.72712188e+00,7.96552478e-01,9.01934264e-01,8.30802559e-01
2.02500000e+00,-1.72671983e+00,7.96002599e-01,9.02186421e-01,7.51514419e-01
2.02600000e+00,-1.72586906e+00,7.81391338e-01,9.02131909e-01,5.02572241e-01
2.02700000e+00,-1.72560000e+00,7.84227253e-01,9.01770158e-01,5.84230060e-01
2.02800000e+00,-1.72445208e+00,7.97307296e-01,9.01276155e-01,6.66624149e-01
2.02900000e+00,-1.72357112e+00,7.98465420e-01,9.00952163e-01,6.13382677e-01
2.03000000e+00,-1.72229323e+00,8.20125370e-01,8.98749142e-01,1.45198978e+00
2.03100000e+00,-1.72168905e+00,8.02618533e-01,9.00053827e-01,5.36268135e-01
2.03200000e+00,-1.72142810e+00,7.99571990e-01,8.99997600e-01,6.31216251e-01
2.03300000e+00,-1.71988186e+00,8.15168728e-01,8.98706623e-01,6.43544990e-01
2.03400000e+00,-1.71840985e+00,9.02175698e-01,8.92891497e-01,4.27285634e+00
2.03500000e+00,-1.71873225e+00,8.00101114e-01,8.98575167e-01,6.06575360e-01
2.03600000e+00,-1.71845259e+00,8.11058445e-01,8.97965576e-01,1.04065384e+00
2.03700000e+00,-1.71744837e+00,8.12216998e-01,8.98086772e-01,6.59517236e-01
2.03800000e+00,-1.71656048e+00,8.15869639e-01,8.97680444e-01,6.07659589e-01
2.03900000e+00,-1.71577396e+00,8.09637711e-01,8.97164803e-01,5.98971138e-01
2.04000000e+00,-1.71445531e+00,8.27784459e-01,8.96264786e-01,7.01608960e-01
2.04100000e+00,-1.71408145e+00,8.28754721e-01,8.95642441e-01,1.14506485e+00
2.04200000e+00,-1.71266642e+00,8.39398016e-01,8.95008092e-01,8.08338830e-01
2.04300000e+00,-1.71230090e+00,8.38100133e-01,8.95086595e-01,7.56439400e-01
2.04400000e+00,-1.71076579e+00,8.62156870e-01,8.91654865e-01,2.71785908e+00
2.04500000e+00,-1.71132003e+00,8.22583242e-01,8.95053621e-01,6.85690397e-01
2.04600000e+00,-1.70998375e+00,8.44625837e-01,8.93738150e-01,1.06190435e+00
2.04700000e+00,-1.70910607e+00,8.34371745e-01,8.93683826e-01,8.58255468e-01
2.04800000e+00,-1.70861681e+00,8.25525593e-01,8.93609555e-01,6.31729130e-01
2.04900000e+00,-1.70696893e+00,8.50548326e-01,8.92269450e-01,7.72012243e-01
2.05000000e+00,-1.70716473e+00,8.23353700e-01,8.93213735e-01,6.05729932e-01
2.05100000e+00,-1.70531971e+00,8.52387483e-01,8.91570499e-01,7.05146978e-01
2.05200000e+00,-1.70473158e+00,8.73463019e-01,8.90338522e-01,1.57066392e+00
2.05300000e+00,-1.70428970e+00,8.26458291e-01,8.91582788e-01,6.51011868e-01
2.05400000e+00,-1.70350913e+00,8.56063679e-01,8.90466686e-01,1.03967780e+00
2.05500000e+00,-1.70242846e+00,8.63469134e-01,8.89676949e-01,1.24711498e+00
2.05600000e+00,-1.70150515e+00,8.42975676e-01,8.90145796e-01,6.85950582e-01
2.05700000e+00,-1.70095134e+00,8.46838492e-01,8.89595692e-01,7.35496882e-01
2.05800000e+00,-1.69926407e+00,8.96201271e-01,8.87276292e-01,1.68781948e+00
2.05900000e+00,-1.69936912e+00,8.57713020e-01,8.89185595e-01,7.06218835e-01
2.06000000e+00,-1.69751905e+00,8.81871387e-01,8.87043354e-01,9.51130416e-01
2.06100000e+00,-1.69733651e+00,8.79937222e-01,8.87593053e-01,8.64683853e-01
2.06200000e+00,-1.69658422e+00,8.47616515e-01,8.87491527e-01,8.14492487e-01
2.06300000e+00,-1.69591275e+00,8.73418133e-01,8.86056956e-01,1.42584032e+00
2.06400000e+00,-1.69494500e+00,8.81119010e-01,8.86465573e-01,8.10961743e-01
2.06500000e+00,-1.69316825e+00,8.93258907e-01,8.83895404e-01,1.95406641e+00
2.06600000e+00,-1.69338989e+00,8.69419453e-01,8.85552071e-01,9.00959512e-01
2.06700000e+00,-1.69164767e+00,9.01968978e-01,8.84350815e-01,9.61267633e-01
2.06800000e+00,-1.69120235e+00,8.77532419e-01,8.84676478e-01,8.73789053e-01
2.06900000e+00,-1.68999366e+00,8.90206692e-01,8.83560599e-01,7.92905633e-01
2.07000000e+00,-1.68941562e+00,9.01251485e-01,8.83472186e-01,7.84336814e-01
2.07100000e+00,-1.68869255e+00,8.74773875e-01,8.83307445e-01,8.50249417e-01
2.07200000e+00,-1.68816347e+00,8.89986384e-01,8.82824114e-01,9.00700841e-01
2.07300000e+00,-1.68720946e+00,9.03671113e-01,8.82273927e-01,1.14112410e+00
2.07400000e+00,-1.68568888e+00,8.86040608e-01,8.81666186e-01,8.02549106e-01
2.07500000e+00,-1.68556086e+00,9.02442560e-01,8.81214179e-01,1.13373733e+00
2.07600000e+00,-1.68405866e+00,9.13718445e-01,8.80496551e-01,8.58835209e-01
2.07700000e+00,-1.68312000e+00,8.97723599e-01,8.80443592e-01,7.80869887e-01
2.07800000e+00,-1.68179315e+00,9.29700740e-01,8.78371791e-01,1.49946272e+00
2.07900000e+00,-1.68129798e+00,9.33269491e-01,8.78852390e-01,1.06829918e+00
2.08000000e+00,-1.68069355e+00,9.08783265e-01,8.78458687e-01,1.39740541e+00
2.08100000e+00,-1.68002216e+00,9.15579159e-01,8.78539810e-01,9.25720879e-01
2.08200000e+00,-1.67942622e+00,9.07410621e-01,8.78731783e-01,7.61067117e-01
2.08300000e+00,-1.67775759e+00,9.08409040e-01,8.77330991e-01,1.02565535e+00
2.08400000e+00,-1.67755527e+00,9.15654293e-01,8.77328759e-01,1.05012719e+00
2.08500000e+00,-1.67542290e+00,9.60644838e-01,8.74737003e-01,1.64915495e+00
2.08600000e+00,-1.67470934e+00,9.24124381e-01,8.75663860e-01,8.73735344e-01
2.08700000e+00,-1.67374054e+00,9.46857638e-01,8.74620204e-01,1.03685907e+00
2.08800000e+00,-1.67322971e+00,9.41475810e-01,8.74948600e-01,8.60900650e-01
2.08900000e+00,-1.67253107e+00,9.18600247e-01,8.74804010e-01,8.88156334e-01
2.09000000e+00,-1.67160294e+00,9.49238974e-01,8.73561809e-01,1.27077567e+00
2.09100000e+00,-1.67067302e+00,9.55147053e-01,8.72719373e-01,1.58736779e+00
2.09200000e+00,-1.66925992e+00,9.49705182e-01,8.72359129e-01,1.15486196e+00
2.09300000e+00,-1.66934699e+00,9.29037507e-01,8.73198037e-01,8.67656659e-01
2.09400000e+00,-1.66845583e+00,9.40955911e-01,8.72749737e-01,8.72835105e-01
2.09500000e+00,-1.66607421e+00,9.65041997e-01,8.70428845e-01,1.22044639e+00
2.09600000e+00,-1.66478255e+00,9.86093099e-01,8.68775586e-01,1.38797627e+00
2.09700000e+00,-1.66462148e+00,9.95926610e-01,8.68580473e-01,2.02246829e+00
2.09800000e+00,-1.66366637e+00,9.70163564e-01,8.68542495e-01,1.75392189e+00
2.09900000e+00,-1.66294513e+00,9.67961665e-01,8.68910601e-01,1.03479243e+00
2.10000000e+00,-1.66286667e+00,9.60122874e-01,8.69410923e-01,1.05898236e+00
2.10100000e+00,-1.66066216e+00,9.66924667e-01,8.67640240e-01,1.08795254e+00
2.10200000e+00,-1.66040103e+00,9.65752294e-01,8.67504174e-01,1.02883961e+00
2.10300000e+00,-1.65956073e+00,9.96097269e-01,8.66084119e-01,2.14651280e+00
2.10400000e+00,-1.65813714e+00,9.70302991e-01,8.66515671e-01,1.00534128e+00
2.10500000e+00,-1.65646728e+00,9.99989203e-01,8.64355585e-01,1.27738061e+00
2.10600000e+00,-1.65600518e+00,1.00180435e+00,8.64595473e-01,1.23210596e+00
2.10700000e+00,-1.65485837e+00,9.87050276e-01,8.63838204e-01,1.31935468e+00
2.10800000e+00,-1.65379472e+00,9.98445469e-01,8.63341138e-01,1.17273889e+00
2.10900000e+00,-1.65380426e+00,9.95351493e-01,8.64237778e-01,1.07487716e+00
2.11000000e+00,-1.65190849e+00,1.00085910e+00,8.62224972e-01,1.25394406e+00
2.11100000e+00,-1.65190006e+00,9.98138505e-01,8.62523160e-01,1.22671592e+00
2.11200000e+00,-1.65061808e+00,1.00920049e+00,8.61395097e-01,1.67562948e+00
2.11300000e+00,-1.64880358e+00,1.01991649e+00,8.60166532e-01,1.50719018e+00
2.11400000e+00,-1.64767703e+00,1.03218108e+00,8.59093105e-01,1.43638233e+00
2.11500000e+00,-1.64696733e+00,1.03071511e+00,8.59503314e-01,1.20457908e+00
2.11600000e+00,-1.64577126e+00,1.02096836e+00,8.58372188e-01,1.49527533e+00
2.11700000e+00,-1.64491446e+00,1.03708941e+00,8.57933031e-01,1.33810691e+00
2.11800000e+00,-1.64442158e+00,1.04092041e+00,8.58082764e-01,1.43327387e+00
2.11900000e+00,-1.64298545e+00,1.02345851e+00,8.56913999e-01,1.35416443e+00
2.12000000e+00,-1.64333391e+00,1.00388146e+00,8.58088069e-01,1.18268722e+00
2.12100000e+00,-1.64180809e+00,1.02997605e+00,8.57046210e-01,1.33004833e+00
2.12200000e+00,-1.63957370e+00,1.06409900e+00,8.53801154e-01,2.10373253e+00
2.12300000e+00,-1.63923311e+00,1.05586785e+00,8.54254072e-01,1.84934332e+00
2.12400000e+00,-1.63843443e+00,1.04795416e+00,8.54946460e-01,1.22025788e+00
2.12500000e+00,-1.63684011e+00,1.04237757e+00,8.53446255e-01,1.30209655e+00
2.12600000e+00,-1.63563919e+00,1.06078798e+00,8.52640664e-01,1.34880114e+00
2.12700000e+00,-1.63504636e+00,1.05711366e+00,8.52537987e-01,1.40116181e+00
2.12800000e+00,-1.63391962e+00,1.04937154e+00,8.51602844e-01,1.44827094e+00
2.12900000e+00,-1.63341535e+00,1.05980252e+00,8.51240812e-01,1.47776940e+00
2.13000000e+00,-1.63207652e+00,1.06079981e+00,8.50916787e-01,1.40412830e+00
2.13100000e+00,-1.63033855e+00,1.08899240e+00,8.48366727e-01,2.07530914e+00
2.13200000e+00,-1.62948453e+00,1.06997018e+00,8.48683855e-01,1.43708769e+00
2.13300000e+00,-1.62807244e+00,1.10347482e+00,8.47106273e-01,1.83134102e+00
2.13400000e+00,-1.62759925e+00,1.07495988e+00,8.47498667e-01,1.72967559e+00
2.13500000e+00,-1.62528914e+00,1.09864160e+00,8.45533274e-01,1.53702139e+00
2.13600000e+00,-1.62456270e+00,1.11071479e+00,8.45034764e-01,1.73625899e+00
2.13700000e+00,-1.62368886e+00,1.09313815e+00,8.44476186e-01,1.89016290e+00
2.13800000e+00,-1.62299898e+00,1.09988807e+00,8.43973469e-01,1.73962994e+00
2.13900000e+00,-1.62204448e+00,1.08869138e+00,8.44296583e-01,1.51973156e+00
2.14000000e+00,-1.62048466e+00,1.11175164e+00,8.42721450e-01,1.69075655e+00
2.14100000e+00,-1.61902982e+00,1.12603329e+00,8.40775395e-01,2.04624623e+00
2.14200000e+00,-1.61817744e+00,1.12780251e+00,8.40933835e-01,1.89666456e+00
2.14300000e+00,-1.61755387e+00,1.13085668e+00,8.39397186e-01,3.07620142e+00
2.14400000e+00,-1.61556228e+00,1.15222030e+00,8.38326541e-01,2.11381553e+00
2.14500000e+00,-1.61516759e+00,1.13184904e+00,8.39341379e-01,1.88405605e+00
2.14600000e+00,-1.61418147e+00,1.11674868e+00,8.38497104e-01,1.89146912e+00
2.14700000e+00,-1.61286988e+00,1.16074168e+00,8.36280563e-01,2.43536130e+00
2.14800000e+00,-1.61282004e+00,1.10862126e+00,8.38838967e-01,1.55371258e+00
2.14900000e+00,-1.61073362e+00,1.12972114e+00,8.36309592e-01,1.91179289e+00
2.15000000e+00,-1.60953579e+00,1.15460079e+00,8.34712936e-01,2.08812533e+00
2.15100000e+00,-1.60873652e+00,1.16220019e+00,8.35075764e-01,1.90753186e+00
2.15200000e+00,-1.60783388e+00,1.14193714e+00,8.34972600e-01,1.82349331e+00
2.15300000e+00,-1.60511126e+00,1.20393257e+00,8.30553138e-01,2.47353834e+00
2.15400000e+00,-1.60478075e+00,1.19009553e+00,8.31238803e-01,2.41020083e+00
2.15500000e+00,-1.60365762e+00,1.17143848e+00,8.30346445e-01,2.62040625e+00
2.15600000e+00,-1.60312444e+00,1.17890955e+00,8.30566846e-01,2.15579242e+00
2.15700000e+00,-1.60081653e+00,1.23596221e+00,8.24798665e-01,5.16161626e+00
2.15800000e+00,-1.60025334e+00,1.17177397e+00,8.29013644e-01,2.04814310e+00
2.15900000e+00,-1.59975054e+00,1.17448612e+00,8.29093118e-01,1.94907752e+00
2.16000000e+00,-1.59741472e+00,1.22261608e+00,8.25421050e-01,2.54244268e+00
2.16100000e+00,-1.59694355e+00,1.18105218e+00,8.27303615e-01,1.93478463e+00
2.16200000e+00,-1.59533600e+00,1.20951735e+00,8.25214133e-01,2.19545011e+00
2.16300000e+00,-1.59481917e+00,1.20105129e+00,8.25387754e-01,2.16182722e+00
2.16400000e+00,-1.59360824e+00,1.20099635e+00,8.24263285e-01,2.28049137e+00
2.16500000e+00,-1.59241875e+00,1.20460006e+00,8.23236635e-01,2.11734574e+00
2.16600000e+00,-1.59111534e+00,1.22132302e+00,8.21848413e-01,2.72249804e+00
2.16700000e+00,-1.58933088e+00,1.24607498e+00,8.19928873e-01,3.17010015e+00
2.16800000e+00,-1.58842392e+00,1.22806710e+00,8.20004188e-01,2.55963015e+00
2.16900000e+00,-1.58590275e+00,1.29193439e+00,8.15365373e-01,3.79063779e+00
2.17000000e+00,-1.58589522e+00,1.27130714e+00,8.16784710e-01,3.54239115e+00
2.17100000e+00,-1.58408039e+00,1.25967550e+00,8.16381395e-01,2.59893489e+00
2.17200000e+00,-1.58300455e+00,1.28456438e+00,8.14702583e-01,3.32018173e+00
2.17300000e+00,-1.58290897e+00,1.24137687e+00,8.16563168e-01,2.54351839e+00
2.17400000e+00,-1.58107987e+00,1.26718834e+00,8.14342991e-01,2.63816468e+00
2.17500000e+00,-1.58133313e+00,1.22678265e+00,8.15910332e-01,2.43646440e+00
2.17600000e+00,-1.57806832e+00,1.27847210e+00,8.12347676e-01,2.77948144e+00
2.17700000e+00,-1.57766367e+00,1.27110660e+00,8.12027272e-01,2.94994130e+00
2.17800000e+00,-1.57456184e+00,1.31895913e+00,8.07237876e-01,3.41041853e+00
2.17900000e+00,-1.57426662e+00,1.28639407e+00,8.08435858e-01,3.25350442e+00
2.18000000e+00,-1.57300307e+00,1.30132400e+00,8.08148351e-01,2.83627868e+00
2.18100000e+00,-1.57149721e+00,1.32271946e+00,8.05891318e-01,3.60596705e+00
2.18200000e+00,-1.57105113e+00,1.26440866e+00,8.07011895e-01,2.86731968e+00
2.18300000e+00,-1.56999500e+00,1.29167909e+00,8.06319096e-01,2.80048750e+00
2.18400000e+00,-1.56843909e+00,1.33325777e+00,8.03002428e-01,4.34591993e+00
2.18500000e+00,-1.56710987e+00,1.30665571e+00,8.03295279e-01,3.46105260e+00
2.18600000e+00,-1.56485465e+00,1.33883911e+00,8.00037853e-01,3.80725410e+00
2.18700000e+00,-1.56372268e+00,1.33797986e+00,7.99899417e-01,3.42746969e+00
2.18800000e+00,-1.56146976e+00,1.39511735e+00,7.95273554e-01,5.02373343e+00
2.18900000e+00,-1.56229993e+00,1.35231753e+00,7.99785304e-01,3.59171331e+00
2.19000000e+00,-1.55957969e+00,1.36005878e+00,7.96510699e-01,3.57186682e+00
2.19100000e+00,-1.55800002e+00,1.37686274e+00,7.92501745e-01,5.55664915e+00
2.19200000e+00,-1.55823458e+00,1.34051374e+00,7.96896067e-01,3.18782361e+00
2.19300000e+00,-1.55692358e+00,1.36538478e+00,7.94428276e-01,4.03589679e+00
2.19400000e+00,-1.55236464e+00,1.45442497e+00,7.84005546e-01,7.10739634e+00
2.19500000e+00,-1.55287143e+00,1.41205150e+00,7.87595121e-01,5.31865249e+00
2.19600000e+00,-1.55160853e+00,1.40478550e+00,7.88166679e-01,4.81641810e+00
2.19700000e+00,-1.55135434e+00,1.35436771e+00,7.90879215e-01,3.54743707e+00
2.19800000e+00,-1.54940341e+00,1.44200408e+00,7.87568878e-01,4.45418429e+00
2.19900000e+00,-1.54724119e+00,1.42595629e+00,7.85020254e-01,4.62410814e+00
2.20000000e+00,-1.54666983e+00,1.41346429e+00,7.84122892e-01,5.68321620e+00
2.20100000e+00,-1.54435270e+00,1.46246174e+00,7.81163849e-01,5.14381647e+00
2.20200000e+00,-1.54550735e+00,1.36763515e+00,7.86190995e-01,3.87930724e+00
2.20300000e+00,-1.54013924e+00,1.48415728e+00,7.75798645e-01,6.08056758e+00
2.20400000e+00,-1.54143261e+00,1.44174058e+00,7.79954655e-01,5.02753361e+00
2.20500000e+00,-1.53870712e+00,1.48539701e+00,7.75684245e-01,6.12021182e+00
2.20600000e+00,-1.53690910e+00,1.46319921e+00,7.74820613e-01,5.58471044e+00
2.20700000e+00,-1.53792955e+00,1.42919450e+00,7.78931092e-01,4.33491900e+00
2.20800000e+00,-1.53331503e+00,1.50412327e+00,7.71183622e-01,5.77783582e+00
2.20900000e+00,-1.53389809e+00,1.41913549e+00,7.74314642e-01,4.77751882e+00
2.21000000e+00,-1.53165694e+00,1.50313307e+00,7.69031269e-01,6.18054990e+00
2.21100000e+00,-1.53138184e+00,1.46059888e+00,7.71593232e-01,5.29106643e+00
2.21200000e+00,-1.52925593e+00,1.48664227e+00,7.67912231e-01,5.94127379e+00
2.21300000e+00,-1.52711072e+00,1.56081395e+00,7.63705610e-01,6.79417261e+00
2.21400000e+00,-1.52812077e+00,1.42766485e+00,7.70430813e-01,4.51631810e+00
2.21500000e+00,-1.52396903e+00,1.53363519e+00,7.61268200e-01,7.21998779e+00
2.21600000e+00,-1.52284197e+00,1.52044618e+00,7.61628714e-01,6.22784997e+00
2.21700000e+00,-1.52028316e+00,1.54487577e+00,7.58234368e-01,6.69552672e+00
2.21800000e+00,-1.52029609e+00,1.48341860e+00,7.60861104e-01,5.58855691e+00
2.21900000e+00,-1.52008954e+00,1.54419373e+00,7.60602331e-01,5.87871303e+00
2.22000000e+00,-1.51700457e+00,1.54369615e+00,7.55578890e-01,6.23119257e+00
2.22100000e+00,-1.51413067e+00,1.61353136e+00,7.48945194e-01,8.72031326e+00
2.22200000e+00,-1.51474475e+00,1.54528813e+00,7.53442832e-01,6.70040945e+00
2.22300000e+00,-1.51161196e+00,1.56109525e+00,7.48754754e-01,7.36432414e+00
2.22400000e+00,-1.50959352e+00,1.60195449e+00,7.45875879e-01,8.10237721e+00
2.22500000e+00,-1.50966612e+00,1.58014788e+00,7.47628760e-01,8.16813164e+00
2.22600000e+00,-1.50563442e+00,1.61171296e+00,7.42258021e-01,7.71167348e+00
2.22700000e+00,-1.50700519e+00,1.56225591e+00,7.46137390e-01,7.56280084e+00
2.22800000e+00,-1.50209934e+00,1.68500427e+00,7.34569546e-01,9.86927209e+00
2.22900000e+00,-1.49977834e+00,1.72592917e+00,7.29954663e-01,1.14846963e+01
2.23000000e+00,-1.50051932e+00,1.66498047e+00,7.34696981e-01,1.01520787e+01
2.23100000e+00,-1.49818395e+00,1.68038256e+00,7.31729251e-01,9.75954718e+00
2.23200000e+00,-1.49827279e+00,1.62243846e+00,7.33538513e-01,9.79505012e+00
2.23300000e+00,-1.49474483e+00,1.68171684e+00,7.27942929e-01,9.90927597e+00
2.23400000e+00,-1.49097179e+00,1.72368365e+00,7.19577606e-01,1.20080290e+01
2.23500000e+00,-1.48946865e+00,1.71458094e+00,7.19931273e-01,1.12143279e+01
2.23600000e+00,-1.49183631e+00,1.69381760e+00,7.26637237e-01,9.98298346e+00
2.23700000e+00,-1.48824242e+00,1.71258998e+00,7.20614454e-01,1.05855898e+01
2.23800000e+00,-1.48493373e+00,1.75756731e+00,7.12949800e-01,1.28808314e+01
2.23900000e+00,-1.48539748e+00,1.75410367e+00,7.16328435e-01,1.18671604e+01
2.24000000e+00,-1.48044231e+00,1.83642978e+00,7.03129031e-01,1.39922108e+01
2.24100000e+00,-1.48431405e+00,1.68015343e+00,7.20244405e-01,9.80876977e+00
2.24200000e+00,-1.47926872e+00,1.75413576e+00,7.08080924e-01,1.24357630e+01
2.24300000e+00,-1.48110681e+00,1.70211244e+00,7.16465368e-01,1.04751465e+01
2.24400000e+00,-1.47624833e+00,1.76325730e+00,7.03723536e-01,1.35651940e+01
2.24500000e+00,-1.47669274e+00,1.76500282e+00,7.07918178e-01,1.23403476e+01
2.24600000e+00,-1.47194674e+00,1.86768311e+00,6.94449886e-01,1.57346465e+01
2.24700000e+00,-1.47202627e+00,1.78605931e+00,7.02485074e-01,1.21389262e+01
2.24800000e+00,-1.46952275e+00,1.80925648e+00,6.94582415e-01,1.46586561e+01
2.24900000e+00,-1.47076536e+00,1.76369570e+00,7.00804058e-01,1.29976142e+01
2.25000000e+00,-1.46947898e+00,1.72363704e+00,7.01999440e-01,1.13630983e+01
2.25100000e+00,-1.46634041e+00,1.76538072e+00,6.94228718e-01,1.35937358e+01
2.25200000e+00,-1.46138074e+00,1.82732271e+00,6.84629599e-01,1.45590551e+01
2.25300000e+00,-1.45519142e+00,1.94999872e+00,6.66702374e-01,1.95350412e+01
2.25400000e+00,-1.46260476e+00,1.81922835e+00,6.91987745e-01,1.37648776e+01
2.25500000e+00,-1.45849015e+00,1.86056295e+00,6.81997868e-01,1.61134774e+01
2.25600000e+00,-1.45546911e+00,1.84838862e+00,6.74553699e-01,1.69078632e+01
2.25700000e+00,-1.45468986e+00,1.81932242e+00,6.78079263e-01,1.48894161e+01
2.25800000e+00,-1.44725553e+00,1.93240780e+00,6.57257628e-01,1.90595626e+01
2.25900000e+00,-1.45185281e+00,1.84082071e+00,6.74383418e-01,1.52489839e+01
2.26000000e+00,-1.44897094e+00,1.85993898e+00,6.68122160e-01,1.67109215e+01
2.26100000e+00,-1.44711983e+00,1.86712779e+00,6.65594787e-01,1.67699421e+01
2.26200000e+00,-1.44327341e+00,1.90521528e+00,6.58997233e-01,1.79542538e+01
2.26300000e+00,-1.43903792e+00,1.97413169e+00,6.44805228e-01,2.14676044e+01
2.26400000e+00,-1.44061880e+00,1.90952036e+00,6.55681172e-01,1.79562962e+01
2.26500000e+00,-1.43947976e+00,1.91789601e+00,6.57557717e-01,1.69033894e+01
2.26600000e+00,-1.43617694e+00,1.93880448e+00,6.48915526e-01,1.82542503e+01
2.26700000e+00,-1.43526959e+00,1.92151118e+00,6.46039126e-01,1.92455348e+01
2.26800000e+00,-1.43217857e+00,1.97667375e+00,6.38071695e-01,2.15700163e+01
2.26900000e+00,-1.42641632e+00,1.99452262e+00,6.27956176e-01,2.14170936e+01
2.27000000e+00,-1.43117009e+00,1.88056101e+00,6.44801312e-01,1.79345521e+01
2.27100000e+00,-1.42745116e+00,1.96362743e+00,6.34583754e-01,2.03746277e+01
2.27200000e+00,-1.42746417e+00,1.91965927e+00,6.40580097e-01,1.83294086e+01
2.27300000e+00,-1.42521662e+00,1.93730057e+00,6.34735108e-01,1.95021698e+01
2.27400000e+00,-1.41972294e+00,2.02372652e+00,6.20765968e-01,2.26173751e+01
2.27500000e+00,-1.41212602e+00,2.06023011e+00,5.97703749e-01,2.56487493e+01
2.27600000e+00,-1.41819527e+00,1.98094092e+00,6.18235149e-01,2.24440575e+01
2.27700000e+00,-1.41563800e+00,1.99351851e+00,6.14096315e-01,2.29973267e+01
2.27800000e+00,-1.41094367e+00,1.99983127e+00,6.07473438e-01,2.25669864e+01
2.27900000e+00,-1.40673639e+00,2.07231783e+00,5.88185737e-01,2.74942774e+01
2.28000000e+00,-1.41225771e+00,1.97465514e+00,6.13411862e-01,2.23873171e+01
2.28100000e+00,-1.40447251e+00,2.01995802e+00,5.92768571e-01,2.46455130e+01
2.28200000e+00,-1.40669111e+00,1.98276365e+00,6.03786788e-01,2.18312186e+01
2.28300000e+00,-1.40040066e+00,2.00054854e+00,5.83976576e-01,2.59708784e+01
2.28400000e+00,-1.40151809e+00,1.97935241e+00,5.91272983e-01,2.35810481e+01
2.28500000e+00,-1.39966537e+00,1.99853569e+00,5.86277745e-01,2.49179194e+01
2.28600000e+00,-1.40139583e+00,2.00762677e+00,5.94256042e-01,2.42135451e+01
2.28700000e+00,-1.39314328e+00,2.00404278e+00,5.76348436e-01,2.52449093e+01
2.28800000e+00,-1.38674931e+00,2.08303262e+00,5.48526736e-01,3.23963336e+01
2.28900000e+00,-1.38900023e+00,2.03391015e+00,5.64101667e-01,2.70898233e+01
2.29000000e+00,-1.39071218e+00,2.02771500e+00,5.70446617e-01,2.75933433e+01
2.29100000e+00,-1.38757789e+00,1.97498912e+00,5.70988349e-01,2.44173754e+01
2.29200000e+00,-1.38097425e+00,2.04975048e+00,5.50377818e-01,2.75508364e+01
2.29300000e+00,-1.38673164e+00,1.97170604e+00,5.73214874e-01,2.41582969e+01
2.29400000e+00,-1.38105658e+00,1.94494208e+00,5.54767188e-01,2.67581780e+01
2.29500000e+00,-1.37458912e+00,2.07933729e+00,5.33809535e-01,3.06055197e+01
2.29600000e+00,-1.37651698e+00,2.03942142e+00,5.44798788e-01,2.88903626e+01
2.29700000e+00,-1.36801063e+00,1.97101988e+00,5.16513285e-01,2.98767254e+01
2.29800000e+00,-1.37559361e+00,2.05758000e+00,5.43778072e-01,2.95716017e+01
2.29900000e+00,-1.36793115e+00,1.99090168e+00,5.24527224e-01,2.96249047e+01
2.30000000e+00,-1.36430239e+00,2.01704331e+00,5.15583049e-01,3.07595859e+01
